1 1 0.002
2 1 0.0079541
3 1 0.012414
4 1 0.013787
5 1 0.012923
6 1 0.011638
7 1 0.011109
8 1 0.011209
9 1 0.011047
10 1 0.010091
11 1 0.0088073
12 1 0.0082884
13 1 0.0092244
14 1 0.011147
15 1 0.01269
16 1 0.01269
17 1 0.011147
18 1 0.009225
19 1 0.0082891
20 1 0.008808
21 1 0.010092
22 1 0.011048
23 1 0.01121
24 1 0.01111
25 1 0.01164
26 1 0.012925
27 1 0.013791
28 1 0.012422
29 1 0.0079806
30 1 0.002
  
1 2 0.002
2 2 0.0079541
3 2 0.012414
4 2 0.013787
5 2 0.012923
6 2 0.011638
7 2 0.011109
8 2 0.011209
9 2 0.011047
10 2 0.010091
11 2 0.0088073
12 2 0.0082884
13 2 0.0092244
14 2 0.011147
15 2 0.01269
16 2 0.01269
17 2 0.011147
18 2 0.009225
19 2 0.0082891
20 2 0.008808
21 2 0.010092
22 2 0.011048
23 2 0.01121
24 2 0.01111
25 2 0.01164
26 2 0.012925
27 2 0.013791
28 2 0.012422
29 2 0.0079806
30 2 0.002
  
1 3 0.002
2 3 0.0079541
3 3 0.012414
4 3 0.013787
5 3 0.012923
6 3 0.011638
7 3 0.011109
8 3 0.011209
9 3 0.011047
10 3 0.010091
11 3 0.0088073
12 3 0.0082884
13 3 0.0092244
14 3 0.011147
15 3 0.01269
16 3 0.01269
17 3 0.011147
18 3 0.009225
19 3 0.0082891
20 3 0.008808
21 3 0.010092
22 3 0.011048
23 3 0.01121
24 3 0.01111
25 3 0.01164
26 3 0.012925
27 3 0.013791
28 3 0.012422
29 3 0.0079806
30 3 0.002
  
1 4 0.002
2 4 0.0079541
3 4 0.012414
4 4 0.013787
5 4 0.012923
6 4 0.011638
7 4 0.011109
8 4 0.011209
9 4 0.011047
10 4 0.010091
11 4 0.0088073
12 4 0.0082884
13 4 0.0092244
14 4 0.011147
15 4 0.01269
16 4 0.01269
17 4 0.011147
18 4 0.009225
19 4 0.0082891
20 4 0.008808
21 4 0.010092
22 4 0.011048
23 4 0.01121
24 4 0.01111
25 4 0.01164
26 4 0.012925
27 4 0.013791
28 4 0.012422
29 4 0.0079806
30 4 0.002
  
1 5 0.002
2 5 0.0079541
3 5 0.012414
4 5 0.013787
5 5 0.012923
6 5 0.011638
7 5 0.011109
8 5 0.011209
9 5 0.011047
10 5 0.010091
11 5 0.0088073
12 5 0.0082884
13 5 0.0092244
14 5 0.011147
15 5 0.01269
16 5 0.01269
17 5 0.011147
18 5 0.009225
19 5 0.0082891
20 5 0.008808
21 5 0.010092
22 5 0.011048
23 5 0.01121
24 5 0.01111
25 5 0.01164
26 5 0.012925
27 5 0.013791
28 5 0.012422
29 5 0.0079806
30 5 0.002
  
1 6 0.002
2 6 0.0079541
3 6 0.012414
4 6 0.013787
5 6 0.012923
6 6 0.011638
7 6 0.011109
8 6 0.011209
9 6 0.011047
10 6 0.010091
11 6 0.0088073
12 6 0.0082884
13 6 0.0092244
14 6 0.011147
15 6 0.01269
16 6 0.01269
17 6 0.011147
18 6 0.009225
19 6 0.0082891
20 6 0.008808
21 6 0.010092
22 6 0.011048
23 6 0.01121
24 6 0.01111
25 6 0.01164
26 6 0.012925
27 6 0.013791
28 6 0.012422
29 6 0.0079806
30 6 0.002
  
1 7 0.002
2 7 0.0079541
3 7 0.012414
4 7 0.013787
5 7 0.012923
6 7 0.011638
7 7 0.011109
8 7 0.011209
9 7 0.011047
10 7 0.010091
11 7 0.0088073
12 7 0.0082884
13 7 0.0092244
14 7 0.011147
15 7 0.01269
16 7 0.01269
17 7 0.011147
18 7 0.009225
19 7 0.0082891
20 7 0.008808
21 7 0.010092
22 7 0.011048
23 7 0.01121
24 7 0.01111
25 7 0.01164
26 7 0.012925
27 7 0.013791
28 7 0.012422
29 7 0.0079806
30 7 0.002
  
1 8 0.002
2 8 0.0079541
3 8 0.012414
4 8 0.013787
5 8 0.012923
6 8 0.011638
7 8 0.011109
8 8 0.011209
9 8 0.011047
10 8 0.010091
11 8 0.0088073
12 8 0.0082884
13 8 0.0092244
14 8 0.011147
15 8 0.01269
16 8 0.01269
17 8 0.011147
18 8 0.009225
19 8 0.0082891
20 8 0.008808
21 8 0.010092
22 8 0.011048
23 8 0.01121
24 8 0.01111
25 8 0.01164
26 8 0.012925
27 8 0.013791
28 8 0.012422
29 8 0.0079806
30 8 0.002
  
1 9 0.002
2 9 0.0079541
3 9 0.012414
4 9 0.013787
5 9 0.012923
6 9 0.011638
7 9 0.011109
8 9 0.011209
9 9 0.011047
10 9 0.010091
11 9 0.0088073
12 9 0.0082884
13 9 0.0092244
14 9 0.011147
15 9 0.01269
16 9 0.01269
17 9 0.011147
18 9 0.009225
19 9 0.0082891
20 9 0.008808
21 9 0.010092
22 9 0.011048
23 9 0.01121
24 9 0.01111
25 9 0.01164
26 9 0.012925
27 9 0.013791
28 9 0.012422
29 9 0.0079806
30 9 0.002
  
1 10 0.002
2 10 0.0079541
3 10 0.012414
4 10 0.013787
5 10 0.012923
6 10 0.011638
7 10 0.011109
8 10 0.011209
9 10 0.011047
10 10 0.010091
11 10 0.0088073
12 10 0.0082884
13 10 0.0092244
14 10 0.011147
15 10 0.01269
16 10 0.01269
17 10 0.011147
18 10 0.009225
19 10 0.0082891
20 10 0.008808
21 10 0.010092
22 10 0.011048
23 10 0.01121
24 10 0.01111
25 10 0.01164
26 10 0.012925
27 10 0.013791
28 10 0.012422
29 10 0.0079806
30 10 0.002
  
1 11 0.002
2 11 0.0079541
3 11 0.012414
4 11 0.013787
5 11 0.012923
6 11 0.011638
7 11 0.011109
8 11 0.011209
9 11 0.011047
10 11 0.010091
11 11 0.0088073
12 11 0.0082884
13 11 0.0092244
14 11 0.011147
15 11 0.01269
16 11 0.01269
17 11 0.011147
18 11 0.009225
19 11 0.0082891
20 11 0.008808
21 11 0.010092
22 11 0.011048
23 11 0.01121
24 11 0.01111
25 11 0.01164
26 11 0.012925
27 11 0.013791
28 11 0.012422
29 11 0.0079806
30 11 0.002
  
1 12 0.002
2 12 0.0079541
3 12 0.012414
4 12 0.013787
5 12 0.012923
6 12 0.011638
7 12 0.011109
8 12 0.011209
9 12 0.011047
10 12 0.010091
11 12 0.0088073
12 12 0.0082884
13 12 0.0092244
14 12 0.011147
15 12 0.01269
16 12 0.01269
17 12 0.011147
18 12 0.009225
19 12 0.0082891
20 12 0.008808
21 12 0.010092
22 12 0.011048
23 12 0.01121
24 12 0.01111
25 12 0.01164
26 12 0.012925
27 12 0.013791
28 12 0.012422
29 12 0.0079806
30 12 0.002
  
1 13 0.002
2 13 0.0079541
3 13 0.012414
4 13 0.013787
5 13 0.012923
6 13 0.011638
7 13 0.011109
8 13 0.011209
9 13 0.011047
10 13 0.010091
11 13 0.0088073
12 13 0.0082884
13 13 0.0092244
14 13 0.011147
15 13 0.01269
16 13 0.01269
17 13 0.011147
18 13 0.009225
19 13 0.0082891
20 13 0.008808
21 13 0.010092
22 13 0.011048
23 13 0.01121
24 13 0.01111
25 13 0.01164
26 13 0.012925
27 13 0.013791
28 13 0.012422
29 13 0.0079806
30 13 0.002
  
1 14 0.002
2 14 0.0079541
3 14 0.012414
4 14 0.013787
5 14 0.012923
6 14 0.011638
7 14 0.011109
8 14 0.011209
9 14 0.011047
10 14 0.010091
11 14 0.0088073
12 14 0.0082884
13 14 0.0092244
14 14 0.011147
15 14 0.01269
16 14 0.01269
17 14 0.011147
18 14 0.009225
19 14 0.0082891
20 14 0.008808
21 14 0.010092
22 14 0.011048
23 14 0.01121
24 14 0.01111
25 14 0.01164
26 14 0.012925
27 14 0.013791
28 14 0.012422
29 14 0.0079806
30 14 0.002
  
1 15 0.002
2 15 0.0079541
3 15 0.012414
4 15 0.013787
5 15 0.012923
6 15 0.011638
7 15 0.011109
8 15 0.011209
9 15 0.011047
10 15 0.010091
11 15 0.0088073
12 15 0.0082884
13 15 0.0092244
14 15 0.011147
15 15 0.01269
16 15 0.01269
17 15 0.011147
18 15 0.009225
19 15 0.0082891
20 15 0.008808
21 15 0.010092
22 15 0.011048
23 15 0.01121
24 15 0.01111
25 15 0.01164
26 15 0.012925
27 15 0.013791
28 15 0.012422
29 15 0.0079806
30 15 0.002
  
  
  
  
  
  
  
  
  
  
  
  
  
  
  
  
