1 1 1.4723e-10 5.0198e-11
2 1 1.3436e-10 -1.3859e-11
3 1 -3.2571e-11 -9.764e-12
4 1 -3.473e-11 -3.8425e-12
5 1 -4.1815e-11 1.0251e-12
6 1 -6.545e-11 1.1897e-11
7 1 -1.0321e-10 1.5002e-11
8 1 -1.1828e-10 -1.0795e-11
9 1 -1.1079e-10 -7.5639e-12
10 1 -9.6273e-11 -1.782e-11
11 1 -1.0124e-10 1.192e-11
12 1 -1.0994e-10 -1.4088e-11
13 1 -1.2111e-10 1.4391e-11
14 1 -0.0036511 7.7812e-15
15 1 -0.032876 4.3422e-12
16 1 -0.066676 -3.2537e-12
17 1 -0.011774 4.2793e-12
18 1 0.025678 8.783e-14
19 1 -7.9762e-11 1.3215e-11
20 1 -7.4769e-11 -1.3639e-11
21 1 -6.6162e-11 9.6004e-12
22 1 -5.5518e-11 -1.5677e-11
23 1 -2.8368e-11 -6.9044e-12
24 1 -6.8945e-12 -1.0002e-11
25 1 -5.8743e-12 1.3552e-11
26 1 -2.6513e-11 1.1671e-11
27 1 -3.5706e-11 2.2538e-12
28 1 -3.0823e-11 -1.8752e-12
29 1 -2.4447e-11 -8.6241e-12
30 1 -1.6061e-10 -1.3618e-11
31 1 -1.5036e-10 4.1174e-11
1 2 2.5795e-10 3.7571e-11
2 2 2.5187e-10 6.2751e-12
3 2 2.1558e-12 -3.0161e-11
4 2 9.3652e-12 -2.841e-13
5 2 2.234e-12 2.5598e-12
6 2 -5.7768e-12 3.1836e-11
7 2 -1.1969e-11 2.82e-11
8 2 -8.7099e-12 -2.3046e-11
9 2 7.932e-13 -2.3176e-11
10 2 1.3587e-11 -4.0385e-11
11 2 1.848e-11 2.3694e-11
12 2 8.6071e-12 -1.8156e-11
13 2 -7.9483e-13 2.8163e-11
14 2 -0.013553 6.5445e-12
15 2 -0.014321 7.7263e-12
16 2 -0.040501 -1.6995e-12
17 2 -0.0079625 7.5419e-12
18 2 0.031771 6.7884e-12
19 2 -2.5713e-12 2.6053e-11
20 2 -8.8704e-12 -2.0601e-11
21 2 -1.5626e-11 1.9282e-11
22 2 -1.0575e-11 -3.6484e-11
23 2 2.1032e-12 -2.1355e-11
24 2 9.1479e-12 -1.9499e-11
25 2 9.595e-12 2.6156e-11
26 2 5.3637e-12 2.8584e-11
27 2 -5.496e-13 5.6748e-12
28 2 -8.1144e-12 2.7605e-12
29 2 -1.9911e-12 -2.9505e-11
30 2 -2.2165e-10 -3.5835e-12
31 2 -2.2713e-10 4.2947e-11
1 3 9.6733e-11 -2.9759e-11
2 3 1.0495e-10 1.9081e-11
3 3 -3.4085e-11 -2.1705e-12
4 3 -6.9207e-11 -7.0094e-12
5 3 -6.522e-11 4.1257e-12
6 3 -5.7756e-11 2.1e-11
7 3 -3.9927e-11 1.656e-11
8 3 -5.4323e-11 -1.1142e-11
9 3 -9.0158e-11 -1.9615e-11
10 3 -1.3067e-10 -2.7096e-11
11 3 -1.5365e-10 1.7636e-11
12 3 -1.6109e-10 -5.6567e-12
13 3 -1.6148e-10 1.4591e-11
14 3 0.0047532 8.107e-12
15 3 0.0071788 4.1201e-12
16 3 0.0024887 2.8044e-12
17 3 -0.0085933 4.0164e-12
18 3 -0.0086564 8.3352e-12
19 3 -3.9944e-11 1.3822e-11
20 3 -2.8661e-11 -8.78e-12
21 3 -2.015e-11 1.0278e-11
22 3 -2.5115e-11 -2.2994e-11
23 3 -5.134e-11 -1.6726e-11
24 3 -6.9161e-11 -8.7788e-12
25 3 -6.5093e-11 1.5493e-11
26 3 -3.3413e-11 1.6433e-11
27 3 -8.3684e-12 4.4095e-12
28 3 1.1052e-11 -1.5861e-12
29 3 -1.5529e-11 -5.3821e-12
30 3 -1.5761e-10 5.313e-12
31 3 -1.3066e-10 -9.5445e-12
1 4 1.1611e-10 -4.0932e-12
2 4 9.1448e-11 1.3546e-12
3 4 -3.2911e-11 2.1457e-11
4 4 -2.5258e-11 -1.2066e-11
5 4 -1.3812e-11 -1.4758e-11
6 4 6.9657e-12 1.5292e-12
7 4 1.5625e-11 -1.371e-12
8 4 2.7055e-11 -1.1198e-12
9 4 2.9281e-11 -6.8935e-12
10 4 7.4767e-12 1.1631e-11
11 4 -1.5205e-11 1.3714e-11
12 4 -2.172e-11 1.3494e-12
13 4 -1.6743e-11 -7.8656e-12
14 4 -0.008292 -1.007e-12
15 4 -0.02756 -6.9822e-13
16 4 -0.027988 7.6032e-13
17 4 0.0093181 -4.503e-13
18 4 0.018038 -9.5819e-13
19 4 1.4479e-11 -7.7857e-12
20 4 2.0321e-11 2.7669e-13
21 4 1.5764e-11 1.8394e-12
22 4 -6.3931e-13 1.1384e-11
23 4 -1.8618e-11 -2.3297e-12
24 4 -2.1169e-11 1.7672e-12
25 4 -1.4337e-11 -1.3887e-12
26 4 -5.5525e-12 -2.6018e-12
27 4 1.1745e-11 -1.3465e-11
28 4 2.0697e-11 -5.3866e-12
29 4 2.4443e-11 2.0205e-11
30 4 -1.0314e-10 -8.9613e-14
31 4 -1.2059e-10 -9.0534e-12
1 5 1.6063e-10 1.8202e-11
2 5 1.5937e-10 -1.3991e-12
3 5 -2.308e-11 1.5275e-11
4 5 -3.4189e-11 -1.0277e-11
5 5 -5.3699e-11 -1.613e-11
6 5 -7.6355e-11 -5.3637e-12
7 5 -8.451e-11 -5.8795e-12
8 5 -9.2673e-11 -1.0761e-11
9 5 -1.0133e-10 -1.6908e-12
10 5 -1.1456e-10 3.0603e-11
11 5 -1.2475e-10 1.675e-11
12 5 -1.2942e-10 -1.3703e-12
13 5 -1.3366e-10 -1.6743e-11
14 5 -0.0078753 -5.1672e-12
15 5 -0.0072872 -2.6465e-12
16 5 -0.03905 -1.237e-12
17 5 -0.0085736 -2.0539e-12
18 5 0.031064 -5.3114e-12
19 5 -6.5944e-11 -1.5829e-11
20 5 -5.699e-11 -1.9063e-12
21 5 -4.8994e-11 5.1518e-12
22 5 -4.4877e-11 2.4926e-11
23 5 -3.9862e-11 1.6599e-12
24 5 -3.3262e-11 -1.703e-12
25 5 -2.6949e-11 -6.5121e-12
26 5 -1.8689e-11 -9.9782e-12
27 5 -2.3185e-11 -1.3626e-11
28 5 -2.6323e-11 -3.6003e-12
29 5 -1.9774e-11 1.2344e-11
30 5 -1.5538e-10 1.1388e-13
31 5 -1.4522e-10 1.1927e-11
1 6 1.5847e-10 -1.1758e-12
2 6 1.5386e-10 -4.7392e-12
3 6 -5.9625e-12 2.4585e-11
4 6 -1.1151e-11 -7.0416e-12
5 6 -1.2984e-11 -3.6714e-12
6 6 3.407e-12 -2.1446e-11
7 6 2.5674e-11 -1.4798e-11
8 6 1.8328e-11 2.7773e-12
9 6 -4.4686e-12 5.3547e-12
10 6 -1.4769e-11 3.6227e-11
11 6 -8.5594e-12 4.2441e-12
12 6 -5.9867e-12 2.3668e-12
13 6 -1.0998e-11 -2.2086e-11
14 6 0.003253 -4.0238e-12
15 6 -0.034546 -4.6711e-12
16 6 -0.085291 1.9401e-12
17 6 -0.03185 -4.1002e-12
18 6 0.015642 -4.1827e-12
19 6 1.0921e-11 -1.9788e-11
20 6 7.2802e-12 1.3082e-12
21 6 9.8124e-12 -4.0234e-12
22 6 1.4156e-11 3.0209e-11
23 6 2.5188e-12 7.5675e-12
24 6 -1.6595e-11 9.4705e-12
25 6 -2.2255e-11 -1.3794e-11
26 6 -6.0353e-12 -2.2613e-11
27 6 7.4431e-12 -4.3432e-12
28 6 1.0172e-11 -3.047e-12
29 6 3.8047e-12 1.765e-11
30 6 -1.6221e-10 -7.1245e-12
31 6 -1.6285e-10 7.2258e-12
1 7 1.0419e-10 1.1337e-11
2 7 8.8569e-11 -1.3116e-11
3 7 -3.9694e-11 2.2312e-11
4 7 -4.1461e-11 -2.4046e-12
5 7 -5.0674e-11 -4.3964e-12
6 7 -6.4416e-11 -3.3401e-11
7 7 -8.2962e-11 -1.7466e-11
8 7 -9.0226e-11 9.1758e-12
9 7 -9.3157e-11 1.3817e-11
10 7 -1.0117e-10 3.521e-11
11 7 -1.115e-10 -1.4744e-12
12 7 -1.2763e-10 1.0772e-11
13 7 -1.3921e-10 -2.4771e-11
14 7 -0.011562 -4.9062e-12
15 7 -0.028351 -5.8113e-12
16 7 -0.033859 2.0898e-12
17 7 0.002315 -5.5576e-12
18 7 0.019384 -4.9388e-12
19 7 -5.9257e-11 -2.2114e-11
20 7 -5.657e-11 9.1557e-12
21 7 -5.7998e-11 -8.4051e-12
22 7 -5.3647e-11 3.0466e-11
23 7 -4.6054e-11 1.5925e-11
24 7 -3.4115e-11 1.2858e-11
25 7 -2.5256e-11 -1.5828e-11
26 7 -2.8152e-11 -2.9349e-11
27 7 -2.7187e-11 -6.4985e-12
28 7 -2.0332e-11 -2.1794e-12
29 7 -1.3012e-11 2.0081e-11
30 7 -1.3878e-10 -1.0419e-11
31 7 -1.3308e-10 4.6128e-12
1 8 1.9387e-10 2.5617e-14
2 8 1.9583e-10 -1.5981e-15
3 8 2.3669e-11 1.6103e-13
4 8 3.6754e-11 -4.6102e-14
5 8 3.1807e-11 -2.978e-13
6 8 -1.908e-12 -1.6304e-13
7 8 -4.5288e-11 3.2567e-13
8 8 -5.7496e-11 -1.8867e-14
9 8 -4.2252e-11 -1.6586e-13
10 8 4.1086e-12 -2.1116e-14
11 8 3.713e-11 2.0846e-13
12 8 5.1367e-11 1.1077e-13
13 8 3.7986e-11 -1.8224e-14
14 8 0.00051472 -1.7952e-14
15 8 0.031314 -3.3469e-14
16 8 0.034496 7.778e-15
17 8 0.007735 -6.3159e-14
18 8 0.0040381 1.0932e-14
19 8 -3.0954e-11 2.4515e-14
20 8 -4.1992e-11 -6.0608e-14
21 8 -3.5175e-11 -5.482e-15
22 8 -1.2854e-11 -3.2608e-14
23 8 3.0482e-11 6.7851e-14
24 8 5.1795e-11 3.4303e-14
25 8 4.4402e-11 8.8732e-14
26 8 6.5958e-12 -7.3608e-15
27 8 -2.4884e-11 -3.8835e-14
28 8 -3.3379e-11 -2.5363e-14
29 8 -2.2163e-11 4.5881e-14
30 8 -1.5756e-10 8.4822e-14
31 8 -1.5518e-10 3.7258e-15
1 9 1.0402e-10 -1.115e-11
2 9 8.8359e-11 1.2988e-11
3 9 -3.9522e-11 -2.2247e-11
4 9 -4.1098e-11 2.3804e-12
5 9 -5.0757e-11 4.1804e-12
6 9 -6.5024e-11 3.3222e-11
7 9 -8.3083e-11 1.7484e-11
8 9 -8.9757e-11 -9.1695e-12
9 9 -9.3119e-11 -1.3761e-11
10 9 -1.016e-10 -3.517e-11
11 9 -1.1174e-10 1.6085e-12
12 9 -1.274e-10 -1.0722e-11
13 9 -1.3893e-10 2.4865e-11
14 9 -0.011562 4.8586e-12
15 9 -0.028351 5.8297e-12
16 9 -0.033859 -2.0887e-12
17 9 0.002315 5.5249e-12
18 9 0.019384 4.941e-12
19 9 -5.918e-11 2.2183e-11
20 9 -5.6614e-11 -9.1747e-12
21 9 -5.7975e-11 8.2248e-12
22 9 -5.355e-11 -3.0436e-11
23 9 -4.6102e-11 -1.5741e-11
24 9 -3.4223e-11 -1.2778e-11
25 9 -2.5272e-11 1.5903e-11
26 9 -2.8091e-11 2.9359e-11
27 9 -2.7228e-11 6.4954e-12
28 9 -2.0504e-11 2.1842e-12
29 9 -1.3232e-11 -1.9999e-11
30 9 -1.3877e-10 1.0362e-11
31 9 -1.3296e-10 -4.5144e-12
1 10 1.5851e-10 1.3339e-12
2 10 1.5382e-10 4.6148e-12
3 10 -6.0393e-12 -2.4868e-11
4 10 -1.1142e-11 7.091e-12
5 10 -1.3068e-11 3.9231e-12
6 10 3.2729e-12 2.1376e-11
7 10 2.551e-11 1.4251e-11
8 10 1.8092e-11 -2.7243e-12
9 10 -4.5804e-12 -5.0366e-12
10 10 -1.4672e-11 -3.6186e-11
11 10 -8.4449e-12 -4.3296e-12
12 10 -5.9465e-12 -2.4803e-12
13 10 -1.0898e-11 2.2241e-11
14 10 0.003253 3.966e-12
15 10 -0.034546 4.7562e-12
16 10 -0.085291 -1.9593e-12
17 10 -0.03185 4.1359e-12
18 10 0.015642 4.1788e-12
19 10 1.1066e-11 1.981e-11
20 10 7.5726e-12 -1.3037e-12
21 10 9.8556e-12 4.0014e-12
22 10 1.3941e-11 -3.0151e-11
23 10 2.5089e-12 -7.4714e-12
24 10 -1.6482e-11 -9.3646e-12
25 10 -2.2179e-11 1.3793e-11
26 10 -6.0406e-12 2.2706e-11
27 10 7.317e-12 4.4796e-12
28 10 1.0048e-11 3.0403e-12
29 10 3.9397e-12 -1.7769e-11
30 10 -1.6202e-10 6.9833e-12
31 10 -1.6283e-10 -7.1375e-12
1 11 1.6068e-10 -1.8285e-11
2 11 1.5951e-10 1.3595e-12
3 11 -2.3088e-11 -1.5464e-11
4 11 -3.4414e-11 1.0361e-11
5 11 -5.3727e-11 1.6242e-11
6 11 -7.6202e-11 5.3019e-12
7 11 -8.4688e-11 5.6867e-12
8 11 -9.3073e-11 1.0754e-11
9 11 -1.0138e-10 1.5958e-12
10 11 -1.1435e-10 -3.0617e-11
11 11 -1.2468e-10 -1.6662e-11
12 11 -1.2948e-10 1.293e-12
13 11 -1.3365e-10 1.6724e-11
14 11 -0.0078753 5.1357e-12
15 11 -0.0072872 2.6896e-12
16 11 -0.03905 1.2109e-12
17 11 -0.0085736 2.0745e-12
18 11 0.031064 5.3114e-12
19 11 -6.5964e-11 1.5829e-11
20 11 -5.7091e-11 1.8683e-12
21 11 -4.9038e-11 -4.9389e-12
22 11 -4.4903e-11 -2.486e-11
23 11 -3.9959e-11 -1.7021e-12
24 11 -3.3258e-11 1.7228e-12
25 11 -2.6867e-11 6.5578e-12
26 11 -1.8725e-11 1.0224e-11
27 11 -2.3238e-11 1.3748e-11
28 11 -2.625e-11 3.4788e-12
29 11 -1.981e-11 -1.25e-11
30 11 -1.555e-10 -1.9107e-13
31 11 -1.4524e-10 -1.1989e-11
1 12 1.1631e-10 3.6014e-12
2 12 9.1662e-11 -1.2478e-12
3 12 -3.2949e-11 -2.1399e-11
4 12 -2.5306e-11 1.2129e-11
5 12 -1.3756e-11 1.4591e-11
6 12 7.0582e-12 -1.531e-12
7 12 1.5528e-11 1.6387e-12
8 12 2.6778e-11 1.0541e-12
9 12 2.9013e-11 6.4977e-12
10 12 7.3451e-12 -1.1741e-11
11 12 -1.5207e-11 -1.3522e-11
12 12 -2.1821e-11 -1.2926e-12
13 12 -1.6828e-11 7.6192e-12
14 12 -0.008292 9.9324e-13
15 12 -0.02756 6.3331e-13
16 12 -0.027988 -7.766e-13
17 12 0.0093181 3.801e-13
18 12 0.018038 9.5171e-13
19 12 1.454e-11 7.7809e-12
20 12 2.0276e-11 -1.2215e-13
21 12 1.5685e-11 -1.8414e-12
22 12 -5.8686e-13 -1.1249e-11
23 12 -1.8575e-11 2.3033e-12
24 12 -2.1123e-11 -1.8684e-12
25 12 -1.4448e-11 1.6317e-12
26 12 -5.6742e-12 2.7754e-12
27 12 1.1813e-11 1.3487e-11
28 12 2.0745e-11 5.2586e-12
29 12 2.4457e-11 -2.0216e-11
30 12 -1.0317e-10 -8.7625e-15
31 12 -1.2064e-10 8.7663e-12
1 13 9.6656e-11 2.9088e-11
2 13 1.0484e-10 -1.8837e-11
3 13 -3.3961e-11 2.1111e-12
4 13 -6.9004e-11 7.1164e-12
5 13 -6.5286e-11 -4.1722e-12
6 13 -5.7965e-11 -2.1015e-11
7 13 -3.987e-11 -1.6355e-11
8 13 -5.4097e-11 1.1146e-11
9 13 -9.0263e-11 1.9472e-11
10 13 -1.3107e-10 2.6899e-11
11 13 -1.5389e-10 -1.7651e-11
12 13 -1.6108e-10 5.777e-12
13 13 -1.6156e-10 -1.4838e-11
14 13 0.0047532 -8.1234e-12
15 13 0.0071788 -4.2038e-12
16 13 0.0024887 -2.8005e-12
17 13 -0.0085933 -4.1145e-12
18 13 -0.0086564 -8.3445e-12
19 13 -4.0164e-11 -1.3808e-11
20 13 -2.8837e-11 8.972e-12
21 13 -2.0227e-11 -1.0387e-11
22 13 -2.5118e-11 2.303e-11
23 13 -5.1299e-11 1.6765e-11
24 13 -6.9325e-11 8.8151e-12
25 13 -6.5196e-11 -1.5294e-11
26 13 -3.3364e-11 -1.6361e-11
27 13 -8.3272e-12 -4.4683e-12
28 13 1.1117e-11 1.5357e-12
29 13 -1.5616e-11 5.4785e-12
30 13 -1.5777e-10 -5.3894e-12
31 13 -1.3073e-10 9.0937e-12
1 14 2.578e-10 -3.799e-11
2 14 2.5181e-10 -6.3208e-12
3 14 2.2475e-12 3.0008e-11
4 14 9.3459e-12 5.1468e-13
5 14 2.1787e-12 -2.4241e-12
6 14 -5.9449e-12 -3.1778e-11
7 14 -1.2037e-11 -2.8432e-11
8 14 -8.6387e-12 2.318e-11
9 14 7.7579e-13 2.3326e-11
10 14 1.3463e-11 4.0303e-11
11 14 1.832e-11 -2.3952e-11
12 14 8.6506e-12 1.8073e-11
13 14 -7.4027e-13 -2.8135e-11
14 14 -0.013553 -6.5456e-12
15 14 -0.014321 -7.6414e-12
16 14 -0.040501 1.706e-12
17 14 -0.0079625 -7.4604e-12
18 14 0.031771 -6.8006e-12
19 14 -2.6882e-12 -2.5908e-11
20 14 -9.0542e-12 2.068e-11
21 14 -1.5723e-11 -1.947e-11
22 14 -1.0616e-11 3.6466e-11
23 14 1.9429e-12 2.1522e-11
24 14 8.9965e-12 1.9602e-11
25 14 9.5544e-12 -2.6197e-11
26 14 5.3577e-12 -2.8459e-11
27 14 -4.9592e-13 -5.8364e-12
28 14 -8.0077e-12 -2.7848e-12
29 14 -1.918e-12 2.976e-11
30 14 -2.2158e-10 3.4355e-12
31 14 -2.2708e-10 -4.3387e-11
1 15 1.4726e-10 -5.0358e-11
2 15 1.3427e-10 1.3718e-11
3 15 -3.2834e-11 9.7305e-12
4 15 -3.4899e-11 3.9711e-12
5 15 -4.1784e-11 -9.5212e-13
6 15 -6.5266e-11 -1.1818e-11
7 15 -1.0316e-10 -1.5219e-11
8 15 -1.1835e-10 1.0893e-11
9 15 -1.1067e-10 7.6524e-12
10 15 -9.6065e-11 1.7818e-11
11 15 -1.0119e-10 -1.2071e-11
12 15 -1.1016e-10 1.3966e-11
13 15 -1.2135e-10 -1.4302e-11
14 15 -0.0036511 -3.0062e-15
15 15 -0.032876 -4.2483e-12
16 15 -0.066676 3.2536e-12
17 15 -0.011774 -4.1852e-12
18 15 0.025678 -9.2427e-14
19 15 -7.9811e-11 -1.3112e-11
20 15 -7.4671e-11 1.3682e-11
21 15 -6.6164e-11 -9.7413e-12
22 15 -5.5652e-11 1.5686e-11
23 15 -2.8368e-11 7.0286e-12
24 15 -6.7627e-12 1.0008e-11
25 15 -5.7655e-12 -1.3582e-11
26 15 -2.638e-11 -1.1616e-11
27 15 -3.5621e-11 -2.3565e-12
28 15 -3.0858e-11 1.858e-12
29 15 -2.435e-11 8.7725e-12
30 15 -1.6045e-10 1.3526e-11
31 15 -1.5033e-10 -4.1395e-11
   
   
   
   
   
   
   
   
   
   
   
   
   
   
   
   
   
   
   
   
   
   
   
   
   
   
   
   
   
   
   
