1 1 0.5236
2 1 0.51016
3 1 0.26014
4 1 -2.371
5 1 -0.027998
6 1 -0.001842
7 1 0.0015228
8 1 -0.00011745
9 1 0.0001255
10 1 -0.00027187
11 1 0.00018584
12 1 -6.4645e-05
13 1 3.1412
14 1 0
15 1 0
16 1 0
17 1 0
18 1 0
19 1 0.0070248
20 1 -8.4402e-05
21 1 0.00058914
22 1 -0.00054939
23 1 0.00040181
24 1 -0.00027921
25 1 0.00040132
26 1 -0.0047433
27 1 -0.012789
28 1 -0.17753
29 1 1.7548
30 1 2.5487
31 1 2.5656
  
1 2 0.5236
2 2 0.48198
3 2 -0.01584
4 2 -0.076665
5 2 -0.013629
6 2 -0.001071
7 2 0.0002467
8 2 -1.6384e-05
9 2 -1.349e-05
10 2 -4.288e-05
11 2 -7.5829e-06
12 2 -6.5625e-06
13 2 -3.1413
14 2 0
15 2 0
16 2 0
17 2 0
18 2 0
19 2 -3.1411
20 2 -1.5202e-05
21 2 -1.389e-05
22 2 -0.00015149
23 2 -2.7446e-05
24 2 -8.2202e-05
25 2 -0.00068245
26 2 -0.002364
27 2 -0.013413
28 2 -0.026276
29 2 0.23229
30 2 2.5243
31 2 2.5656
  
1 3 0.5236
2 3 0.4545
3 3 -0.11744
4 3 -0.12791
5 3 -0.0072204
6 3 0.00065166
7 3 0.0005454
8 3 -1.6949e-05
9 3 2.4869e-05
10 3 -3.2329e-05
11 3 2.8433e-05
12 3 1.4009e-06
13 3 3.1408
14 3 0
15 3 0
16 3 0
17 3 0
18 3 0
19 3 3.1385
20 3 7.9193e-07
21 3 0.00017995
22 3 -7.5131e-05
23 3 0.00019711
24 3 -5.903e-05
25 3 0.00058351
26 3 0.00027042
27 3 -0.007029
28 3 -0.08123
29 3 0.0069862
30 3 2.4939
31 3 2.5656
  
1 4 0.5236
2 4 0.49915
3 4 -0.30364
4 4 -2.9352
5 4 -0.025022
6 4 0.0032449
7 4 3.1381
8 4 6.2494e-05
9 4 -0.00011464
10 4 -0.0024958
11 4 -4.4074e-05
12 4 -5.2564e-05
13 4 -3.1411
14 4 0
15 4 0
16 4 0
17 4 0
18 4 0
19 4 -3.141
20 4 -6.4641e-05
21 4 -7.6265e-05
22 4 -0.00034184
23 4 -0.00013907
24 4 -6.3646e-05
25 4 3.1371
26 4 0.0026108
27 4 -0.01914
28 4 -2.5177
29 4 -0.088711
30 4 2.5291
31 4 2.5656
  
1 5 0.5236
2 5 0.49359
3 5 -0.12312
4 5 -0.32459
5 5 -0.039918
6 5 0.00062044
7 5 0.0016947
8 5 5.9517e-05
9 5 2.823e-05
10 5 -1.3473e-05
11 5 7.3098e-05
12 5 -6.0008e-06
13 5 3.141
14 5 0
15 5 0
16 5 0
17 5 0
18 5 0
19 5 0.035355
20 5 -8.4488e-06
21 5 0.00036459
22 5 -2.6085e-05
23 5 0.00022875
24 5 2.728e-05
25 5 0.0014393
26 5 0.00056163
27 5 -0.023364
28 5 -0.14002
29 5 -0.059607
30 5 2.5254
31 5 2.5656
  
1 6 0.5236
2 6 0.47624
3 6 -0.28754
4 6 -0.36292
5 6 -0.010362
6 6 0.0037192
7 6 0.00065026
8 6 1.4193e-05
9 6 -2.6288e-05
10 6 -0.00035118
11 6 -1.1696e-05
12 6 -6.5712e-06
13 6 -3.1409
14 6 0
15 6 0
16 6 0
17 6 0
18 6 0
19 6 -3.1409
20 6 -1.189e-05
21 6 -2.7297e-05
22 6 -3.1412
23 6 -4.3205e-05
24 6 1.6445e-06
25 6 0.00058912
26 6 0.0031158
27 6 -0.01335
28 6 -0.14043
29 6 -0.080044
30 6 2.5157
31 6 2.5656
  
1 7 0.5236
2 7 0.49251
3 7 -0.1826
4 7 -2.7792
5 7 -0.018306
6 7 0.001775
7 7 3.1389
8 7 -5.2554e-06
9 7 0.00017254
10 7 -7.5656e-05
11 7 7.8147e-05
12 7 -7.6342e-06
13 7 3.1411
14 7 0
15 7 0
16 7 0
17 7 0
18 7 0
19 7 3.14
20 7 -1.485e-05
21 7 0.00032934
22 7 -0.00016748
23 7 0.00055928
24 7 -4.1857e-05
25 7 3.1319
26 7 0.0013562
27 7 -0.013673
28 7 -0.6684
29 7 -0.012079
30 7 2.5326
31 7 2.5656
  
1 8 0.5236
2 8 0.49866
3 8 -0.13198
4 8 -0.95461
5 8 -0.020742
6 8 0.00091487
7 8 0.00050156
8 8 -3.1415
9 8 -2.5656e-05
10 8 -2.6351e-05
11 8 -2.6401e-05
12 8 -1.1137e-05
13 8 -0.0049577
14 8 0
15 8 0
16 8 0
17 8 0
18 8 0
19 8 -3.1403
20 8 -2.4985e-05
21 8 -4.2492e-05
22 8 -4.2455e-05
23 8 -4.6159e-05
24 8 -3.1413
25 8 0.00034763
26 8 0.00068901
27 8 -0.014686
28 8 -0.2298
29 8 0.01702
30 8 2.5342
31 8 2.5656
  
1 9 0.5236
2 9 0.49251
3 9 -0.1826
4 9 -2.7792
5 9 -0.018306
6 9 0.0017748
7 9 3.1389
8 9 -5.2444e-06
9 9 0.00017207
10 9 -7.5113e-05
11 9 7.8152e-05
12 9 -7.692e-06
13 9 3.1411
14 9 0
15 9 0
16 9 0
17 9 0
18 9 0
19 9 3.1401
20 9 -1.4927e-05
21 9 0.00032933
22 9 -0.0001669
23 9 0.00055904
24 9 -4.1844e-05
25 9 3.1319
26 9 0.001356
27 9 -0.013673
28 9 -0.66839
29 9 -0.01208
30 9 2.5326
31 9 2.5656
  
1 10 0.5236
2 10 0.47624
3 10 -0.28754
4 10 -0.36291
5 10 -0.010362
6 10 0.0037191
7 10 0.00065046
8 10 1.4215e-05
9 10 -2.6458e-05
10 10 -0.00035197
11 10 -1.1691e-05
12 10 -6.4979e-06
13 10 -3.1409
14 10 0
15 10 0
16 10 0
17 10 0
18 10 0
19 10 -3.1409
20 10 -1.1818e-05
21 10 -2.726e-05
22 10 -3.1412
23 10 -4.3377e-05
24 10 1.6634e-06
25 10 0.00058932
26 10 0.0031157
27 10 -0.01335
28 10 -0.14043
29 10 -0.080047
30 10 2.5157
31 10 2.5656
  
1 11 0.5236
2 11 0.49359
3 11 -0.12312
4 11 -0.32459
5 11 -0.039918
6 11 0.00062038
7 11 0.0016944
8 11 5.9729e-05
9 11 2.8255e-05
10 11 -1.3593e-05
11 11 7.3395e-05
12 11 -6.1303e-06
13 11 3.141
14 11 0
15 11 0
16 11 0
17 11 0
18 11 0
19 11 0.035257
20 11 -8.5474e-06
21 11 0.00036479
22 11 -2.6272e-05
23 11 0.00022879
24 11 2.7463e-05
25 11 0.0014391
26 11 0.0005616
27 11 -0.023364
28 11 -0.14002
29 11 -0.059607
30 11 2.5254
31 11 2.5656
  
1 12 0.5236
2 12 0.49915
3 12 -0.30365
4 12 -2.9352
5 12 -0.025022
6 12 0.0032447
7 12 3.1381
8 12 6.2707e-05
9 12 -0.00011448
10 12 -0.0024981
11 12 -4.4324e-05
12 12 -5.1581e-05
13 12 -3.1411
14 12 0
15 12 0
16 12 0
17 12 0
18 12 0
19 12 -3.141
20 12 -6.4037e-05
21 12 -7.6533e-05
22 12 -0.00034202
23 12 -0.00013888
24 12 -6.3411e-05
25 12 3.1371
26 12 0.0026106
27 12 -0.01914
28 12 -2.5177
29 12 -0.088717
30 12 2.5291
31 12 2.5656
  
1 13 0.5236
2 13 0.45451
3 13 -0.11744
4 13 -0.12791
5 13 -0.0072203
6 13 0.00065153
7 13 0.00054542
8 13 -1.6834e-05
9 13 2.4728e-05
10 13 -3.2169e-05
11 13 2.8587e-05
12 13 1.1624e-06
13 13 3.1408
14 13 0
15 13 0
16 13 0
17 13 0
18 13 0
19 13 3.1385
20 13 5.3969e-07
21 13 0.0001801
22 13 -7.4924e-05
23 13 0.00019699
24 13 -5.8905e-05
25 13 0.00058351
26 13 0.00027027
27 13 -0.0070289
28 13 -0.08123
29 13 0.0069884
30 13 2.4939
31 13 2.5656
  
1 14 0.5236
2 14 0.48198
3 14 -0.015841
4 14 -0.076664
5 14 -0.013629
6 14 -0.0010709
7 14 0.00024673
8 14 -1.6358e-05
9 14 -1.3513e-05
10 14 -4.3031e-05
11 14 -7.5169e-06
12 14 -6.5824e-06
13 14 -3.1413
14 14 0
15 14 0
16 14 0
17 14 0
18 14 0
19 14 -3.1411
20 14 -1.5219e-05
21 14 -1.3818e-05
22 14 -0.00015175
23 14 -2.7465e-05
24 14 -8.2173e-05
25 14 -0.00068242
26 14 -0.0023639
27 14 -0.013413
28 14 -0.026276
29 14 0.23228
30 14 2.5243
31 14 2.5656
  
1 15 0.5236
2 15 0.51016
3 15 0.26014
4 15 -2.3711
5 15 -0.027998
6 15 -0.0018422
7 15 0.0015236
8 15 -0.00011722
9 15 0.00012524
10 15 -0.00027223
11 15 0.00018681
12 15 -6.5563e-05
13 15 3.1412
14 15 0
15 15 0
16 15 0
17 15 0
18 15 0
19 15 0.0069917
20 15 -8.496e-05
21 15 0.00058964
22 15 -0.00055005
23 15 0.00040175
24 15 -0.00027902
25 15 0.00040133
26 15 -0.0047435
27 15 -0.012789
28 15 -0.17753
29 15 1.7548
30 15 2.5487
31 15 2.5656
  
  
  
  
  
  
  
  
  
  
  
  
  
  
  
  
  
