0.000248223707044181 0.000242758661870293 0.000358385245528962 0.000338923931983659 0.000368948019917909 0.000315524460582161 0.000366195132157404 0.000296964148408084 0.000252405527865841 0.000439057872333889 2.21716965096389e-05 6.99404438577483e-07 1.37982031146178e-07 5.95336382243701e-09 1.14510761298849e-10 1.91980521528698e-10 8.33661302253051e-11 3.72256462287462e-11 4.23975297282858e-12 2.02242086207342e-12
0.000234042912949235 0.000159304873451406 2.79091767758817e-06 9.14088813457664e-05 8.95292590141723e-05 6.92196657434965e-05 4.31049142257946e-05 3.7225421468908e-05 1.86327442108257e-05 0.000261142720137094 2.21774506899119e-05 1.20480747366845e-06 1.41700298814925e-07 9.76624864426581e-09 1.1512604425309e-09 1.47543087333078e-10 3.43609245910603e-10 8.61278280103844e-11 1.35061652811339e-11 6.97188914511864e-12
0.000341146072732417 1.33327631908071e-05 0.000136673686548456 2.594964723747e-05 0.000117182514468646 5.47657685063553e-05 1.90871098692162e-05 6.13854539110657e-05 3.90383938135824e-05 0.000282379839481641 2.0162402612821e-05 2.23196953404972e-06 1.52977829077188e-07 6.66947729512079e-09 1.96183903180339e-09 5.25487636894547e-10 6.54288539350898e-10 7.435767199345e-11 2.05032729581219e-11 1.22386364493675e-11
0.000320995903013799 0.000102383164230912 4.34442838086532e-05 0.000131813958431278 4.83904834542139e-05 3.53904863157525e-06 3.45892305725697e-05 7.3777151560604e-06 3.35338980818267e-05 0.000273621645403069 2.10421877864096e-05 2.10826181728504e-06 1.41915365390719e-07 8.20792737476683e-09 4.81618950324495e-10 1.71548599684549e-09 7.8776907717209e-10 1.33337206601948e-12 2.107381524864e-11 1.55048005898108e-11
0.00034767323990604 9.8852939760065e-05 0.000137487876688446 6.76640070392573e-05 0.000105365031020876 1.57435400624636e-05 6.47585975770816e-05 4.01479453393068e-05 6.28300028928781e-05 0.000270640268483411 1.96652102216405e-05 7.8174940160011e-07 1.82214683935646e-07 4.37056221983895e-09 1.26161724371259e-09 3.01785939669831e-09 6.21362198907795e-10 1.09737732252912e-10 1.87443024532945e-11 1.6314900047398e-11
0.000295389126215358 7.43311162082536e-05 7.22125478014827e-05 2.67329908801641e-05 1.41095744033717e-05 0.000107369595575072 9.47295577346097e-07 2.2777887691152e-05 3.21371071989753e-05 0.00022431428972463 2.24869812867317e-05 2.29321695629969e-07 2.30111069493345e-07 7.08908865207897e-09 6.61435166391839e-10 3.7460674372035e-09 3.20648626155501e-10 2.30113276629944e-10 2.0440387634283e-11 1.64668843613931e-11
0.000347419088574298 4.88748680452175e-05 8.98940872426539e-06 6.75864577959096e-06 0.000114303626571168 4.78869888185586e-05 0.000130894730218728 2.31365666383315e-05 2.51736679902523e-05 0.000244178464827648 2.14593668709439e-05 4.3003761341295e-07 2.76749651035664e-07 2.60715822685013e-08 4.12176021362578e-10 4.16825760661512e-09 2.35972189227029e-10 3.51365625531534e-10 2.70388519507829e-11 1.84886551637471e-11
0.000285037784690909 2.33744002327682e-05 3.43293261129956e-05 5.50011181093784e-05 0.000101369016880117 8.46538251514809e-05 4.5439581904625e-05 0.000149949658023868 1.30601326974619e-05 0.000250881155041818 2.24870644613788e-05 2.85417547007648e-07 3.36033428640065e-07 4.22294048166145e-08 2.86075797405748e-09 5.0427903476603e-09 4.64835436273602e-10 4.60759857353489e-10 3.37362152346389e-11 2.30251853521653e-11
0.000266960069874992 1.76865007597023e-05 0.000115362795501526 0.000129121797616359 0.000152601313004989 0.000130449231956293 0.000136738121607539 6.62679244226663e-05 0.000132730110510659 0.000230935095191404 1.76613171327859e-05 2.8671948663901e-07 3.31366085854449e-07 3.73298795473631e-08 5.19395174898679e-09 6.1123913940353e-09 8.17716431956855e-10 5.5027996301837e-10 3.79421870256346e-11 2.81260743458832e-11
0.000422730059586737 0.000300222741817071 0.000334633785183355 0.000340311121090243 0.000345126067270502 0.000289880546573609 0.000324542849812325 0.000318846977907229 0.000293512735433804 0.000133388477441256 3.23275550047825e-05 9.02908154706487e-07 3.42835118636118e-07 3.0437951975275e-08 7.16244167494481e-09 6.81136619040935e-09 1.07428982489417e-09 6.03285581673028e-10 3.96957545189853e-11 3.12725128936697e-11
0.000422729977526573 0.000300222718585736 0.000334633823475212 0.00034031114885317 0.000345126044226386 0.000289880514702399 0.000324542842467157 0.000318847006059063 0.00029351271018024 0.000133388487661981 3.23275550003604e-05 9.02908154036249e-07 3.42835117948699e-07 3.04379518073371e-08 7.16244186344543e-09 6.81136604534009e-09 1.07428967215152e-09 6.03285398384516e-10 3.9695715432526e-11 3.12729494359184e-11
0.000266959991113629 1.76864929247985e-05 0.000115362803949686 0.000129121785177446 0.000152601300439432 0.000130449233618742 0.000136738123492015 6.62679411201263e-05 0.000132730114174837 0.000230935104976522 1.7661317127383e-05 2.86719486873851e-07 3.31366085759526e-07 3.73298793057126e-08 5.1939520230002e-09 6.1123912983459e-09 8.17716997968377e-10 5.50279518709209e-10 3.79418997368033e-11 2.81260535576959e-11
0.000285037779028865 2.33744164556776e-05 3.43293270336794e-05 5.50011066672674e-05 0.000101369023920733 8.46538331967908e-05 4.54395809289548e-05 0.000149949688791581 1.30601308240188e-05 0.000250881156101936 2.2487064456645e-05 2.85417547187349e-07 3.36033428676725e-07 4.22294050184363e-08 2.86075767317519e-09 5.0427908450917e-09 4.6483545609734e-10 4.60759656393793e-10 3.37363442383584e-11 2.30252614502981e-11
0.000347419099728835 4.88748684560682e-05 8.98940803893671e-06 6.75864458948062e-06 0.000114303628084422 4.78869862614902e-05 0.000130894724382936 2.31365658850043e-05 2.51736686325423e-05 0.000244178459305325 2.14593668686444e-05 4.30037612969999e-07 2.76749651014066e-07 2.60715821594277e-08 4.1217564835838e-10 4.1682578615639e-09 2.35972458960537e-10 3.51365330967824e-10 2.70391097645134e-11 1.84886752133798e-11
0.000295389088562623 7.43311008362639e-05 7.22125413185544e-05 2.67329834640656e-05 1.4109576436902e-05 0.000107369602865652 9.47297053082902e-07 2.27778908886985e-05 3.21371082987702e-05 0.000224314282648124 2.24869812817754e-05 2.29321695782143e-07 2.30111069519682e-07 7.08908832731308e-09 6.61435058845739e-10 3.74606740811996e-09 3.20648003434765e-10 2.30113005776495e-10 2.04406365413417e-11 1.64671501059574e-11
0.000347673145035504 9.88529282726101e-05 0.000137487865112212 6.7663990142085e-05 0.000105365060835098 1.57435398464665e-05 6.47585992564418e-05 4.01479591414243e-05 6.28299899632166e-05 0.000270640284374019 1.9665210215407e-05 7.8174940157369e-07 1.82214684298063e-07 4.37056194231853e-09 1.26161697891643e-09 3.01785910147269e-09 6.21362607768253e-10 1.09738286092249e-10 1.87447125815284e-11 1.63147607996656e-11
0.000320995870401693 0.000102383177859925 4.34442825430686e-05 0.000131813937001456 4.83904830887911e-05 3.5390484828667e-06 3.45892310114239e-05 7.37771803382584e-06 3.35339018833856e-05 0.000273621701812238 2.10421877826155e-05 2.10826181697776e-06 1.41915365456804e-07 8.2079272459979e-09 4.81619116540353e-10 1.7154861489171e-09 7.87769239573369e-10 1.33330356617497e-12 2.10746584264412e-11 1.55047567082551e-11
0.000341146087401606 1.33327649837839e-05 0.000136673697819041 2.59496474770199e-05 0.000117182504056514 5.47657634598411e-05 1.90871092594133e-05 6.13854495606625e-05 3.90383963523342e-05 0.000282379855430415 2.01624026149615e-05 2.23196953420542e-06 1.52977829249565e-07 6.66947760247463e-09 1.96183952153213e-09 5.2548722609885e-10 6.54288879485821e-10 7.43578163979942e-11 2.05033678967506e-11 1.2238700930782e-11
0.000234042938347385 0.00015930487485288 2.79091806572244e-06 9.14089151931703e-05 8.95292526949929e-05 6.92196621916287e-05 4.31049151819438e-05 3.72254342699691e-05 1.86327415094386e-05 0.000261142665540005 2.21774506968318e-05 1.20480747404904e-06 1.41700298782515e-07 9.76624898197643e-09 1.1512604005045e-09 1.47543261866039e-10 3.4360912657171e-10 8.61279719003488e-11 1.35064484965402e-11 6.97197878098663e-12
0.000248223755990784 0.000242758655081667 0.000358385212777737 0.000338923972916786 0.000368947976340763 0.000315524444079345 0.000366195143976724 0.000296964139032869 0.000252405509530722 0.000439057819606964 2.2171696513558e-05 6.99404439405622e-07 1.37982030890367e-07 5.95336370876624e-09 1.14510808857618e-10 1.91980679662919e-10 8.3365957475253e-11 3.7225843901507e-11 4.23926327736177e-12 2.02263235595355e-12
