1.49048332934781e-05 1.32148542498452e-06 9.73704573715662e-07 3.7547204949906e-06 9.34065016741553e-07 1.09588821305921e-06 2.11734152580589e-06 2.89812407551352e-06 9.72835020476784e-07 9.89233545865522e-06 1.48879301279994e-06 5.76758448416198e-09 9.78029361065539e-09 2.62259098260082e-09 1.9992713467005e-10 7.95891695364505e-10 2.50469595957798e-09 6.78950348684906e-09 2.80860089869671e-08 1.69437304237701e-06
1.27271367836225e-05 5.28404826961422e-06 2.60247695883321e-06 7.1466488684054e-07 9.27867265217321e-07 5.23974002950519e-06 3.56625354338084e-06 1.22008042778281e-07 4.75398277967254e-06 1.02674095125746e-05 1.28203935385212e-06 4.58388448068954e-08 2.09469653937376e-10 4.66815404976208e-10 1.19489345884734e-11 9.17827856107471e-10 3.45188478664044e-09 3.03567520888817e-09 5.82210033889866e-09 1.34266964907573e-06
1.21573055438663e-05 5.0570462265309e-06 3.04383425348398e-06 2.76137535851098e-06 2.75500828897547e-06 2.84664258451916e-06 7.90178012038368e-07 8.17724653510653e-07 2.54883646963116e-06 1.16787780743468e-05 1.36993316534885e-06 4.24986453244229e-08 4.83553713596144e-09 9.19655966441677e-10 2.93639610591433e-10 1.01651456389886e-09 2.74117324893848e-09 2.71955932830542e-09 7.32890639493779e-09 1.27104446244803e-06
1.59863359839826e-05 3.19390411459881e-06 4.13848892311859e-08 9.1702919932152e-09 2.08130365622946e-06 1.70322070116138e-07 7.83271870628559e-07 2.62858538166891e-06 1.83996183845888e-06 1.59639867971756e-05 1.72017630774027e-06 6.34975163201005e-09 3.70689926575731e-09 1.15162617381724e-10 4.2447848723299e-10 9.43050100588246e-10 1.2343964288024e-09 8.11315096656071e-09 2.09267068984722e-09 1.5853980782567e-06
1.57706180905935e-05 3.19373915681492e-06 6.92016364213781e-07 2.15773956591222e-06 1.4055149898471e-06 5.87571695423527e-07 1.83531526331931e-06 2.65428362857303e-06 3.51565242139194e-06 1.18519027174185e-05 1.43463124435035e-06 9.43344471301646e-09 4.23409859525601e-10 1.82283605249367e-10 3.44939836763886e-10 7.70048200865661e-10 3.30965510823895e-10 1.21811675358507e-08 6.80944124991215e-08 1.51158235104045e-06
1.19992169712593e-05 1.9605993439523e-06 2.04761324019096e-06 1.34983054779096e-06 2.96866861703324e-06 1.45990900356995e-06 1.41274260485169e-06 2.07984891496457e-06 3.33672833308965e-06 9.10746129637569e-06 1.28680090248636e-06 3.01340659798918e-08 7.01669289922858e-09 5.46341220406136e-10 2.89907983652644e-10 7.18043165239085e-10 4.51051065539506e-10 1.21877132718352e-08 1.1292010036965e-07 1.52585578710358e-06
1.88071778650423e-05 1.74042713664246e-06 6.87133105139216e-08 1.6293686720535e-06 1.74777560228743e-07 6.39986891786824e-08 4.36484878133978e-07 3.89485772992895e-07 4.17072007276176e-06 1.21474623046072e-05 1.4864366169838e-06 6.95766086743727e-08 1.24697534719407e-08 7.22283744402394e-10 1.82562146782991e-10 6.35248932018141e-10 5.36471612423693e-10 1.79491452056071e-08 8.55904606439551e-08 1.8403866646574e-06
1.34378985330041e-05 4.73144543336674e-06 2.19838881272349e-06 1.67548106170185e-06 2.20043895428934e-06 2.13250172903682e-06 2.43505094222784e-06 2.12865511739328e-06 3.9613215899011e-06 1.32814584824397e-05 1.55158179626025e-06 5.09669317234044e-08 1.37577832264968e-08 7.10658800846282e-10 4.00174311326793e-11 6.1847537477064e-10 7.30242577893793e-10 1.77822464240413e-08 4.81681901164549e-08 1.48666167764978e-06
1.2032639310097e-05 3.14302544744254e-06 1.1720399492513e-06 3.35602466727637e-07 8.40323302073362e-07 2.02030134738816e-07 3.77191494603458e-07 1.76346571554504e-06 1.41504131319732e-06 1.51538186865388e-05 1.60416357949271e-06 3.3493777190691e-08 1.1345349641979e-08 1.54235712316618e-10 1.88845220624792e-10 7.4290895666432e-10 1.18077319888061e-09 1.54986344421553e-08 5.40015093274383e-08 1.32239994612752e-06
1.61372716604166e-05 2.51300287765132e-06 1.25578366900014e-07 1.30197928398023e-06 8.23127072035245e-07 7.96229422700751e-08 5.28676026763666e-07 2.03408272345969e-07 3.09723007940041e-06 1.22403316704946e-05 1.530263473573e-06 5.38960186430795e-08 1.32381784675482e-08 2.2281364070463e-09 2.42104074606343e-10 7.54950443146214e-10 3.97026786533811e-10 1.26380441971259e-08 3.37496693393541e-08 1.54544099549693e-06
1.49044742455621e-05 1.32161960610926e-06 9.73545695541679e-07 3.75504175731184e-06 9.33859755745586e-07 1.09598709826131e-06 2.11729048411723e-06 2.89787338257861e-06 9.72758766307997e-07 9.89197643115996e-06 1.48879304035961e-06 5.76758488032355e-09 9.78029450216118e-09 2.6225913016763e-09 1.99927449334771e-10 7.95891371424563e-10 2.50469634177044e-09 6.78950468063164e-09 2.80860180933533e-08 1.694373349301e-06
1.27271477513519e-05 5.28402370994466e-06 2.60259491728052e-06 7.14641292275818e-07 9.27742499659134e-07 5.23965461990051e-06 3.56639776653026e-06 1.21989122319742e-07 4.75393904326886e-06 1.02674385174739e-05 1.28203936000388e-06 4.58388470629587e-08 2.09469873435805e-10 4.66815114333822e-10 1.19483934355618e-11 9.17828148720312e-10 3.45188449135718e-09 3.03567582304997e-09 5.822096202794e-09 1.34266962138125e-06
1.2157423135472e-05 5.05714460699295e-06 3.04374499909582e-06 2.76136326790179e-06 2.75502129189897e-06 2.84662739462495e-06 7.90180477539783e-07 8.17685562187578e-07 2.54886761547117e-06 1.16789087268658e-05 1.36993318047621e-06 4.24986479635101e-08 4.83553739455519e-09 9.1965637761631e-10 2.93639531861387e-10 1.01651451962131e-09 2.74117370202976e-09 2.71955971026769e-09 7.32890631277596e-09 1.27104450427156e-06
1.59865849895895e-05 3.19384379886334e-06 4.14103129645808e-08 9.20141507507926e-09 2.08143511480237e-06 1.70324114162365e-07 7.83296111704605e-07 2.62884368227037e-06 1.83997824501667e-06 1.5964018254424e-05 1.72017624304627e-06 6.34975483559523e-09 3.70689939375895e-09 1.15162605230751e-10 4.24478470779458e-10 9.43050568189815e-10 1.23439668320301e-09 8.11315120485006e-09 2.09266838562456e-09 1.58539820821145e-06
1.57702950040092e-05 3.1937511040437e-06 6.91540710580675e-07 2.15890417070538e-06 1.40512445329234e-06 5.87404303468689e-07 1.83625306032283e-06 2.6534364601783e-06 3.5156424769561e-06 1.18514685444074e-05 1.43463120464472e-06 9.43344360388655e-09 4.23409638332661e-10 1.8228376841827e-10 3.44939597833937e-10 7.70048251043463e-10 3.30965308310716e-10 1.21811671634299e-08 6.80944067230269e-08 1.51158229690134e-06
1.19990980852625e-05 1.96067574256337e-06 2.04758417862622e-06 1.35011967915922e-06 2.9686109417384e-06 1.45977182857113e-06 1.41303483682788e-06 2.07975647621238e-06 3.33658885549385e-06 9.10740042664732e-06 1.28680088622476e-06 3.01340663192747e-08 7.01669257855856e-09 5.46341282166366e-10 2.8990776779812e-10 7.18042992836138e-10 4.51050613188854e-10 1.218771270863e-08 1.12920090706412e-07 1.52585566214112e-06
1.88076158840119e-05 1.74035198659579e-06 6.87368357621094e-08 1.62935418174066e-06 1.74746107312941e-07 6.41943520272928e-08 4.36456297829879e-07 3.89466980027592e-07 4.1707385197262e-06 1.21471659310186e-05 1.48643661732245e-06 6.95766080745821e-08 1.24697536992026e-08 7.22283590366235e-10 1.82562415256641e-10 6.35248619511633e-10 5.36471466074414e-10 1.79491453568317e-08 8.55904585959758e-08 1.84038664102391e-06
1.34379251846874e-05 4.7317277638877e-06 2.19792941397281e-06 1.67569456369158e-06 2.20049869224506e-06 2.13255923338462e-06 2.43521698046737e-06 2.12829016221055e-06 3.96145504105404e-06 1.3281050074332e-05 1.55158181365391e-06 5.09669315997237e-08 1.3757783211551e-08 7.1065905667362e-10 4.00171759969603e-11 6.18475128501962e-10 7.30242940163141e-10 1.77822466278421e-08 4.81681925272296e-08 1.48666173258051e-06
1.20328592894816e-05 3.14294080502728e-06 1.17224530570175e-06 3.35068216428311e-07 8.40880466753177e-07 2.02334067674913e-07 3.7665607429423e-07 1.76366668479512e-06 1.41519332012648e-06 1.51538757770997e-05 1.60416357954659e-06 3.34937768728906e-08 1.13453494390445e-08 1.54235240867059e-10 1.8884574325319e-10 7.42908962929965e-10 1.18077337190847e-09 1.54986338171277e-08 5.40015087472333e-08 1.32239990449399e-06
1.61371649107019e-05 2.51292265974663e-06 1.25804489544533e-07 1.30174873940879e-06 8.23145617717581e-07 7.96589473245762e-08 5.28609087933811e-07 2.03074655257819e-07 3.09719896015141e-06 1.22398475299543e-05 1.53026347091455e-06 5.38960186037909e-08 1.32381780232142e-08 2.22813652418348e-09 2.42104272810048e-10 7.54950319505458e-10 3.97026661551024e-10 1.26380426349079e-08 3.37496642432658e-08 1.54544076831325e-06
