1 1 1.451e-09 3.6903e-17
2 1 1.5894e-09 4.0444e-17
3 1 1.5187e-10 6.0826e-17
4 1 1.4975e-11 -6.5255e-17
5 1 1.694e-12 -1.3125e-16
6 1 1.9771e-13 -6.3516e-17
7 1 2.4582e-14 -3.9154e-17
8 1 2.8456e-15 7.1073e-18
9 1 3.9385e-16 2.6814e-17
10 1 9.3931e-17 -1.2192e-17
11 1 9.9402e-17 -3.6479e-17
12 1 1.085e-16 -9.8923e-17
13 1 6.1954e-17 8.215e-18
14 1 5.7232e-17 -2.2269e-17
15 1 6.0424e-18 2.9623e-18
16 1 -5.431e-18 -4.5293e-17
17 1 4.4762e-17 -2.4384e-18
18 1 -2.9947e-17 -3.6918e-17
19 1 -1.2619e-16 -2.5237e-17
20 1 -1.1562e-16 -9.1433e-18
21 1 -1.1835e-17 6.1811e-17
22 1 -8.2387e-17 1.611e-17
23 1 -4.2435e-16 1.7016e-16
24 1 -3.0744e-15 -1.2633e-17
25 1 -2.6826e-14 -5.7755e-17
26 1 -2.1543e-13 -1.2704e-16
27 1 -1.8452e-12 2.6648e-17
28 1 -1.6312e-11 4.4806e-17
29 1 -1.6543e-10 4.7519e-17
30 1 -1.7313e-09 -1.23e-16
31 1 -1.5805e-09 -3.0043e-17
1 2 1.451e-09 7.0671e-17
2 2 1.5894e-09 -4.0266e-17
3 2 1.5187e-10 1.0876e-16
4 2 1.4975e-11 2.4146e-17
5 2 1.694e-12 -6.9033e-17
6 2 1.9781e-13 -2.8896e-17
7 2 2.4668e-14 3.9919e-17
8 2 2.8889e-15 -3.5995e-17
9 2 3.7271e-16 1.0546e-16
10 2 -3.0212e-17 -3.3869e-18
11 2 -6.695e-17 2.0026e-17
12 2 -4.162e-17 -7.7436e-17
13 2 -3.4348e-17 3.2223e-17
14 2 -2.2885e-17 6.3067e-17
15 2 1.722e-19 -1.4626e-17
16 2 1.7122e-18 -1.2281e-16
17 2 -1.3909e-16 -7.992e-17
18 2 -1.0354e-16 1.1153e-16
19 2 3.2064e-17 1.3373e-16
20 2 2.1976e-17 -9.3486e-17
21 2 1.957e-18 7.1041e-17
22 2 -2.1953e-17 6.996e-18
23 2 -4.3009e-16 1.5827e-16
24 2 -3.1662e-15 -5.1847e-17
25 2 -2.678e-14 4.5944e-17
26 2 -2.1548e-13 -1.4516e-16
27 2 -1.8453e-12 6.3489e-17
28 2 -1.6312e-11 9.3421e-17
29 2 -1.6543e-10 -1.2967e-17
30 2 -1.7313e-09 5.7791e-17
31 2 -1.5805e-09 -8.5047e-17
1 3 1.451e-09 6.4939e-17
2 3 1.5894e-09 -9.2104e-17
3 3 1.5187e-10 3.0797e-17
4 3 1.4975e-11 1.1564e-16
5 3 1.6941e-12 6.8736e-17
6 3 1.9778e-13 4.8248e-17
7 3 2.4514e-14 6.3826e-17
8 3 2.8876e-15 6.878e-17
9 3 3.5814e-16 3.7359e-17
10 3 3.8397e-17 3.9836e-17
11 3 4.8457e-17 -6.5078e-17
12 3 5.6465e-18 -3.6743e-17
13 3 8.0501e-17 5.7184e-17
14 3 1.0542e-16 -2.6195e-17
15 3 7.2899e-17 1.7035e-17
16 3 9.5727e-17 -7.5612e-17
17 3 1.4295e-16 -5.0184e-17
18 3 1.0665e-16 1.7144e-16
19 3 -5.6291e-17 1.8405e-16
20 3 -7.3295e-17 3.1704e-17
21 3 -3.3636e-17 -1.2663e-17
22 3 -1.0067e-16 5.5001e-17
23 3 -4.0738e-16 1.4582e-16
24 3 -3.0527e-15 -7.3107e-17
25 3 -2.6746e-14 1.2658e-17
26 3 -2.1554e-13 -1.5455e-16
27 3 -1.8454e-12 3.0665e-18
28 3 -1.6312e-11 9.1567e-17
29 3 -1.6543e-10 5.2506e-17
30 3 -1.7313e-09 1.0698e-16
31 3 -1.5805e-09 -5.0303e-17
1 4 1.451e-09 -2.8799e-17
2 4 1.5894e-09 -5.2218e-17
3 4 1.5187e-10 5.1431e-17
4 4 1.4975e-11 1.3856e-16
5 4 1.6941e-12 5.359e-18
6 4 1.9791e-13 6.0131e-17
7 4 2.4621e-14 2.2898e-17
8 4 2.783e-15 9.39e-17
9 4 3.9505e-16 -5.721e-17
10 4 2.0038e-17 6.9929e-17
11 4 -3.9468e-17 -1.1107e-16
12 4 -4.083e-18 -7.8311e-17
13 4 -1.168e-16 -5.2248e-17
14 4 -9.5535e-17 -1.0281e-16
15 4 -8.3105e-19 2.8975e-18
16 4 8.3781e-17 5.8611e-17
17 4 9.2146e-17 5.9248e-17
18 4 9.73e-17 -1.0392e-17
19 4 2.3141e-17 3.4658e-17
20 4 4.1407e-19 4.7325e-17
21 4 6.4858e-18 -9.0556e-18
22 4 -1.0374e-16 3.3812e-17
23 4 -4.9142e-16 1.9629e-16
24 4 -3.1516e-15 1.5688e-17
25 4 -2.6885e-14 -1.5339e-17
26 4 -2.1555e-13 -8.7501e-17
27 4 -1.8454e-12 -6.7119e-17
28 4 -1.6312e-11 2.7633e-17
29 4 -1.6543e-10 7.8024e-17
30 4 -1.7313e-09 8.8692e-17
31 4 -1.5805e-09 -1.5519e-17
1 5 1.451e-09 -1.1445e-16
2 5 1.5894e-09 -9.1586e-17
3 5 1.5187e-10 2.3338e-17
4 5 1.4975e-11 2.3382e-17
5 5 1.694e-12 1.1232e-16
6 5 1.978e-13 2.0783e-17
7 5 2.4524e-14 -5.2374e-17
8 5 2.8443e-15 1.5928e-17
9 5 2.8737e-16 -7.5453e-17
10 5 -1.1449e-16 6.3557e-17
11 5 -7.3325e-17 2.9096e-17
12 5 -6.1157e-18 -7.7572e-17
13 5 7.8195e-18 -1.3983e-16
14 5 6.5956e-18 -1.4367e-16
15 5 4.0958e-18 3.3398e-17
16 5 -3.067e-17 1.1702e-17
17 5 -1.2108e-16 1.6399e-16
18 5 -1.3806e-16 -6.9509e-17
19 5 -2.2483e-17 -7.7412e-17
20 5 7.416e-17 -4.7778e-18
21 5 5.1634e-17 6.6304e-17
22 5 -1.7181e-17 -2.7171e-18
23 5 -3.7149e-16 1.6395e-16
24 5 -3.1317e-15 -7.6643e-17
25 5 -2.684e-14 3.9255e-17
26 5 -2.1557e-13 -4.3017e-17
27 5 -1.8454e-12 5.6507e-19
28 5 -1.6312e-11 1.6863e-17
29 5 -1.6543e-10 3.2322e-17
30 5 -1.7313e-09 6.2535e-17
31 5 -1.5805e-09 2.8615e-17
1 6 1.451e-09 -9.2373e-17
2 6 1.5894e-09 -8.4656e-17
3 6 1.5187e-10 -1.5254e-17
4 6 1.4975e-11 -1.6747e-17
5 6 1.694e-12 2.4132e-16
6 6 1.9769e-13 -4.2767e-17
7 6 2.4577e-14 -5.3644e-17
8 6 2.8962e-15 -9.3602e-19
9 6 5.1069e-16 -8.9414e-17
10 6 1.3045e-16 -2.2105e-17
11 6 -5.1484e-17 4.9869e-17
12 6 -1.6704e-18 -4.7402e-17
13 6 3.6265e-17 -2.8696e-17
14 6 5.0024e-17 -5.5587e-17
15 6 1.5547e-17 4.2628e-17
16 6 6.7581e-18 -7.9302e-17
17 6 -6.8444e-18 1.1771e-16
18 6 2.648e-18 -1.6515e-17
19 6 4.5308e-17 -3.0694e-17
20 6 6.7883e-17 5.3058e-18
21 6 9.7788e-18 1.2645e-17
22 6 -1.6594e-16 3.9652e-18
23 6 -5.4354e-16 1.2522e-16
24 6 -3.1344e-15 -7.9836e-17
25 6 -2.6758e-14 9.5514e-17
26 6 -2.1546e-13 -6.5706e-17
27 6 -1.8453e-12 9.5991e-17
28 6 -1.6312e-11 3.8739e-17
29 6 -1.6543e-10 -1.705e-17
30 6 -1.7313e-09 -8.5275e-17
31 6 -1.5805e-09 1.8327e-17
1 7 1.451e-09 3.4234e-17
2 7 1.5894e-09 -5.4228e-17
3 7 1.5187e-10 3.2224e-17
4 7 1.4975e-11 3.8198e-18
5 7 1.694e-12 5.1855e-17
6 7 1.9777e-13 9.9873e-18
7 7 2.4542e-14 4.7459e-18
8 7 2.8417e-15 1.6872e-17
9 7 3.8856e-16 -1.181e-16
10 7 1.0235e-16 -1.0174e-16
11 7 5.7465e-17 -3.7277e-17
12 7 -5.0215e-17 -1.0893e-16
13 7 2.4786e-17 2.1712e-17
14 7 -1.0588e-17 7.5236e-17
15 7 -2.046e-16 -2.2705e-17
16 7 -1.8015e-16 -1.0962e-19
17 7 -3.9373e-17 6.2655e-17
18 7 6.1235e-17 3.4503e-17
19 7 4.4508e-17 8.7053e-17
20 7 -2.3183e-17 -2.8494e-17
21 7 2.9303e-17 -1.4847e-16
22 7 -6.0734e-17 -7.6008e-18
23 7 -4.2543e-16 1.0836e-16
24 7 -3.1051e-15 5.9317e-17
25 7 -2.6828e-14 6.3975e-17
26 7 -2.1547e-13 6.8828e-17
27 7 -1.8453e-12 -3.9638e-17
28 7 -1.6312e-11 1.0645e-16
29 7 -1.6543e-10 -5.3996e-17
30 7 -1.7313e-09 -1.0619e-16
31 7 -1.5805e-09 2.1635e-17
1 8 1.451e-09 9.1859e-17
2 8 1.5894e-09 1.5794e-17
3 8 1.5187e-10 -2.1291e-17
4 8 1.4975e-11 -4.0377e-17
5 8 1.6941e-12 -7.2507e-17
6 8 1.9775e-13 1.6936e-17
7 8 2.4427e-14 1.1706e-16
8 8 2.7785e-15 7.5816e-17
9 8 4.3919e-16 -5.3842e-17
10 8 1.6989e-16 -1.1977e-16
11 8 1.7104e-18 -1.3417e-16
12 8 1.4696e-17 -9.7401e-17
13 8 1.5521e-16 3.1947e-17
14 8 2.5343e-18 9.1997e-17
15 8 -1.5164e-17 -5.4685e-17
16 8 4.2408e-17 2.9815e-17
17 8 1.7586e-17 1.3242e-16
18 8 4.9198e-17 1.2739e-16
19 8 5.6911e-17 7.7951e-17
20 8 3.8138e-18 1.0179e-19
21 8 -4.6008e-17 -1.0518e-16
22 8 -7.1388e-17 -7.4612e-17
23 8 -4.4585e-16 1.2708e-16
24 8 -3.1822e-15 -1.5907e-17
25 8 -2.684e-14 8.7576e-18
26 8 -2.156e-13 5.4573e-17
27 8 -1.8455e-12 -1.211e-16
28 8 -1.6312e-11 1.5829e-16
29 8 -1.6543e-10 -2.7949e-17
30 8 -1.7313e-09 -5.1877e-18
31 8 -1.5805e-09 -1.2211e-17
1 9 1.451e-09 2.3965e-17
2 9 1.5894e-09 6.0427e-17
3 9 1.5187e-10 -9.7682e-17
4 9 1.4975e-11 1.489e-17
5 9 1.694e-12 -5.9458e-17
6 9 1.9773e-13 -3.8828e-17
7 9 2.4603e-14 1.54e-16
8 9 2.8774e-15 8.5978e-17
9 9 4.6618e-16 -7.7674e-18
10 9 1.5641e-16 1.8049e-18
11 9 4.9829e-17 -2.0009e-16
12 9 8.0631e-17 3.5741e-17
13 9 5.2159e-17 1.5225e-17
14 9 -4.951e-17 3.3312e-17
15 9 -6.8591e-17 5.4833e-17
16 9 4.6943e-17 2.3137e-17
17 9 6.0611e-17 1.6443e-16
18 9 6.8364e-18 1.3367e-16
19 9 2.266e-17 7.5533e-17
20 9 -1.4888e-17 8.7016e-17
21 9 -2.937e-17 2.9306e-17
22 9 -1.4285e-18 -2.0825e-17
23 9 -3.7935e-16 1.1353e-16
24 9 -3.0674e-15 -3.735e-17
25 9 -2.6722e-14 -7.124e-17
26 9 -2.1552e-13 3.0869e-17
27 9 -1.8453e-12 1.6444e-17
28 9 -1.6312e-11 5.8097e-17
29 9 -1.6543e-10 1.1457e-16
30 9 -1.7313e-09 5.2052e-17
31 9 -1.5805e-09 -1.1372e-16
1 10 1.451e-09 -5.9113e-17
2 10 1.5894e-09 2.1098e-17
3 10 1.5187e-10 4.7744e-17
4 10 1.4975e-11 7.0665e-17
5 10 1.6941e-12 -1.6726e-17
6 10 1.9779e-13 -1.8749e-17
7 10 2.4492e-14 1.0483e-16
8 10 2.7014e-15 4.0825e-17
9 10 2.9079e-16 -4.7191e-17
10 10 3.6534e-17 6.3246e-17
11 10 4.429e-17 -1.8872e-16
12 10 4.0437e-17 4.3325e-17
13 10 -7.1762e-18 -2.3917e-17
14 10 5.0766e-18 3.478e-17
15 10 9.0964e-18 9.5297e-17
16 10 4.961e-19 1.6877e-17
17 10 -1.1653e-16 -2.7378e-17
18 10 -1.1314e-16 6.7653e-17
19 10 -6.7925e-19 6.3896e-17
20 10 -2.2787e-17 4.1022e-17
21 10 1.975e-17 9.3231e-18
22 10 -2.9272e-18 6.4312e-18
23 10 -3.741e-16 5.7028e-17
24 10 -3.1022e-15 3.0835e-17
25 10 -2.6855e-14 -1.0197e-16
26 10 -2.1559e-13 9.4037e-18
27 10 -1.8453e-12 5.2773e-17
28 10 -1.6311e-11 -5.139e-17
29 10 -1.6543e-10 1.4297e-16
30 10 -1.7313e-09 -4.1318e-17
31 10 -1.5805e-09 2.8792e-17
1 11 1.451e-09 3.1738e-17
2 11 1.5894e-09 1.6897e-17
3 11 1.5187e-10 6.7978e-17
4 11 1.4975e-11 -5.6031e-17
5 11 1.6942e-12 6.2108e-17
6 11 1.9801e-13 -3.6261e-17
7 11 2.4651e-14 -2.7789e-18
8 11 2.8531e-15 2.1884e-17
9 11 4.9079e-16 5.5199e-17
10 11 1.1979e-16 -1.0775e-16
11 11 -3.7512e-17 -1.7132e-17
12 11 -6.5503e-17 -5.2613e-17
13 11 -8.2885e-17 1.3451e-17
14 11 -8.3945e-17 -1.4515e-18
15 11 -6.6671e-17 1.8238e-17
16 11 1.4185e-17 5.8037e-17
17 11 -1.2172e-17 -7.0317e-17
18 11 -7.4257e-17 9.5627e-17
19 11 -9.4846e-17 -4.8729e-17
20 11 -5.4024e-17 -1.4776e-17
21 11 6.8114e-17 7.9134e-17
22 11 -4.5472e-17 8.4874e-17
23 11 -4.8163e-16 -6.5027e-18
24 11 -3.0693e-15 -5.7433e-17
25 11 -2.6784e-14 -7.686e-17
26 11 -2.1557e-13 -1.8854e-17
27 11 -1.8455e-12 -1.5011e-17
28 11 -1.6312e-11 7.2714e-18
29 11 -1.6543e-10 9.5758e-17
30 11 -1.7313e-09 -3.8634e-17
31 11 -1.5805e-09 1.2136e-16
1 12 1.451e-09 8.527e-17
2 12 1.5894e-09 -2.0588e-17
3 12 1.5187e-10 -6.4604e-17
4 12 1.4975e-11 -5.0435e-17
5 12 1.6941e-12 1.6822e-16
6 12 1.9778e-13 -8.9998e-17
7 12 2.4554e-14 -1.1492e-16
8 12 2.8329e-15 -4.244e-17
9 12 3.0461e-16 8.5973e-17
10 12 1.8081e-17 -1.0952e-16
11 12 1.4185e-17 1.5207e-16
12 12 7.9724e-17 -1.1133e-16
13 12 1.0641e-16 -3.3483e-17
14 12 -3.1088e-17 -6.4844e-17
15 12 -5.1943e-17 4.6121e-17
16 12 5.1966e-17 5.5577e-17
17 12 7.87e-17 5.9241e-17
18 12 8.4992e-17 7.7988e-17
19 12 1.5248e-16 -7.9441e-17
20 12 1.0381e-16 7.9003e-17
21 12 -4.7542e-18 6.9682e-17
22 12 -1.3672e-16 8.1255e-17
23 12 -5.1622e-16 7.4308e-18
24 12 -3.2079e-15 -3.2539e-17
25 12 -2.6822e-14 9.717e-18
26 12 -2.1548e-13 -2.0308e-18
27 12 -1.8453e-12 -2.2126e-17
28 12 -1.6312e-11 -2.2037e-17
29 12 -1.6543e-10 4.9869e-18
30 12 -1.7313e-09 -3.9109e-17
31 12 -1.5805e-09 7.2132e-17
1 13 1.451e-09 9.0316e-17
2 13 1.5894e-09 -8.6769e-17
3 13 1.5187e-10 -3.1993e-17
4 13 1.4975e-11 -4.688e-18
5 13 1.694e-12 1.5076e-16
6 13 1.979e-13 -3.8274e-17
7 13 2.4719e-14 -7.7647e-17
8 13 2.9429e-15 -5.3635e-17
9 13 4.0449e-16 4.2247e-17
10 13 2.3998e-17 5.0347e-17
11 13 -1.3145e-17 1.5396e-16
12 13 8.0266e-18 -2.1014e-17
13 13 7.0553e-17 -9.6858e-17
14 13 8.4655e-17 -1.6925e-17
15 13 8.7018e-18 5.4373e-17
16 13 -6.4302e-17 1.5678e-17
17 13 1.1381e-17 1.1613e-16
18 13 -2.656e-17 7.8459e-17
19 13 3.0713e-17 -1.6902e-17
20 13 5.5127e-17 3.2268e-17
21 13 -1.4972e-16 1.8676e-17
22 13 -1.6971e-16 2.9298e-17
23 13 -4.2298e-16 -9.96e-18
24 13 -3.1581e-15 2.7908e-17
25 13 -2.6789e-14 1.1674e-16
26 13 -2.154e-13 -1.9253e-17
27 13 -1.8454e-12 -4.2033e-17
28 13 -1.6312e-11 -1.9543e-17
29 13 -1.6543e-10 -5.9128e-17
30 13 -1.7313e-09 -4.5975e-17
31 13 -1.5805e-09 1.4548e-16
1 14 1.451e-09 1.3556e-16
2 14 1.5894e-09 -3.8035e-17
3 14 1.5187e-10 -2.4117e-17
4 14 1.4975e-11 -7.1518e-17
5 14 1.694e-12 2.0727e-17
6 14 1.9776e-13 6.8462e-17
7 14 2.4525e-14 -4.467e-17
8 14 2.8013e-15 -5.0962e-18
9 14 4.3121e-16 3.5466e-17
10 14 1.2799e-16 6.7448e-17
11 14 1.1047e-16 1.0924e-16
12 14 1.3201e-16 -3.2463e-17
13 14 1.1766e-16 3.7869e-18
14 14 9.8371e-17 -7.5525e-18
15 14 9.1079e-17 3.639e-17
16 14 7.3917e-17 1.5945e-17
17 14 -4.964e-19 7.2542e-17
18 14 -5.2905e-17 1.4191e-16
19 14 -9.9989e-17 3.9319e-17
20 14 -1.3859e-17 -1.0745e-16
21 14 9.9459e-17 6.1325e-17
22 14 -1.8415e-17 4.8192e-17
23 14 -4.1504e-16 -3.7828e-17
24 14 -2.9959e-15 9.2184e-17
25 14 -2.6586e-14 2.9355e-17
26 14 -2.154e-13 -2.7554e-17
27 14 -1.8453e-12 -1.2403e-17
28 14 -1.6312e-11 8.2692e-17
29 14 -1.6543e-10 2.3904e-17
30 14 -1.7313e-09 2.843e-17
31 14 -1.5805e-09 1.0031e-16
1 15 1.451e-09 8.5264e-17
2 15 1.5894e-09 3.5246e-18
3 15 1.5187e-10 -1.6439e-17
4 15 1.4975e-11 -8.8846e-17
5 15 1.694e-12 -7.7953e-17
6 15 1.9773e-13 7.4046e-17
7 15 2.4553e-14 -7.1005e-17
8 15 2.8667e-15 7.7582e-18
9 15 4.9847e-16 -3.53e-17
10 15 2.0303e-16 1.7994e-17
11 15 1.1835e-17 1.7015e-17
12 15 -2.4584e-17 -1.3746e-16
13 15 6.1626e-17 5.0447e-17
14 15 5.3617e-17 -8.911e-17
15 15 1.0611e-16 8.1083e-17
16 15 2.0979e-16 -2.3182e-17
17 15 2.0835e-16 2.2443e-17
18 15 1.3149e-16 3.7386e-17
19 15 6.2814e-17 9.5602e-18
20 15 6.6603e-18 3.6632e-18
21 15 6.8291e-18 2.9062e-17
22 15 -5.3937e-17 2.7297e-17
23 15 -4.758e-16 5.2809e-18
24 15 -3.0742e-15 8.9579e-17
25 15 -2.667e-14 -1.2469e-16
26 15 -2.1541e-13 -6.2659e-17
27 15 -1.8453e-12 -2.5556e-17
28 15 -1.6312e-11 9.1104e-17
29 15 -1.6543e-10 6.7853e-17
30 15 -1.7313e-09 -5.7171e-17
31 15 -1.5805e-09 1.3663e-17
   
   
   
   
   
   
   
   
   
   
   
   
   
   
   
   
   
   
   
   
   
   
   
   
   
   
   
   
   
   
   
